1
2
4
6
7
8
9
10
12
14
15
17
19
23
26
27
30
33
35
36
38
41
42
50
56
59
62
63
64
66
67
68
72
73
74
78
81
83
84
88
91
93
96
97
100
101
105
106
113
114
115
117
118
120
121
122
125
126
127
128
129
131
132
133
136
140
143
145
146
147
148
149
153
155
156
158
159
162
163
164
169
170
171
173
177
178
180
181
186
187
188
189
190
194
196
197
201
202
203
204
206
207
209
210
211
214
215
217
218
222
223
225
226
230
231
233
234
235
237
238
243
246
249
250
251
252
255
257
258
260
262
263
266
269
271
272
274
278
279
280
281
286
287
288
289
292
296
298
301
303
304
305
307
310
311
313
314
318
319
320
321
325
326
328
330
332
333
335
338
341
342
344
347
350
351
354
355
356
358
362
363
364
366
368
372
374
377
380
381
382
388
390
393
397
401
403
412
413
414
421
422
423
427
429
430
433
434
436
437
440
441
442
443
445
448
449
450
451
452
456
460
461
463
466
469
470
475
477
478
482
483
484
488
491
494
501
502
503
507
510
511
512
515
520
523
525
527
530
531
534
536
540
542
549
556
558
564
565
566
573
574
575
576
577
580
581
582
583
587
588
589
590
591
593
595
596
598
599
600
601
603
604
608
609
610
611
612
613
614
616
620
621
622
625
628
629
630
632
633
634
638
639
642
643
647
648
649
651
653
654
656
657
658
661
662
665
667
670
671
672
673
675
678
679
680
681
685
687
689
690
692
693
694
696
697
698
699
702
703
704
705
706
707
711
718
721
725
728
729
733
735
741
749
750
753
754
755
757
759
763
765
767
771
772
773
774
776
778
780
781
783
784
786
788
791
794
795
797
798
800
802
803
804
805
806
810
814
816
819
821
827
830
831
836
838
839
841
842
843
844
846
847
848
849
851
852
854
857
859
862
863
867
869
872
873
874
877
878
880
882
884
888
889
893
897
898
900
902
903
905
906
907
908
910
911
912
914
918
919
920
924
926
927
928
929
930
931
934
935
936
939
940
943
944
945
946
949
950
951
952
954
957
959
961
962
965
966
968
969
970
973
974
975
977
978
980
981
982
988
989
990
996
997
998
1004
1005
1006
1007
1009
1010
1015
1016
1017
1020
1021
1022
1023
1025
1026
1029
1030
1031
1033
1035
1037
1038
1039
1041
1044
1045
1046
1047
1048
1049
1052
1054
1058
1060
1061
1062
1066
1069
1070
1074
1077
1081
1084
1085
1086
1089
1090
1092
1093
1094
1097
1098
1101
1102
1105
1106
1107
1109
1111
1113
1114
1120
1123
1125
1126
1127
1128
1139
2648
10703
10704
